1 9327 16868.7
2 18472 23160.6
3 27565 30623.4
4 36573 38356.1
5 45516 46172.4
6 54436 54691.1
7 63326 63340.7
8 72152 71559.6
9 81007 80695.7
10 89801 89177.1
11 98581 97842.5
12 107306 106582
13 115987 115097
14 124679 123541
15 133375 132526
16 142093 141121
17 150733 149902
18 159399 159442
19 168025 166869
20 176647 174460
21 185271 182735
22 193909 190349
23 202536 198392
24 211142 207070
25 219766 215041
26 228370 223255
27 237011 230900
28 245694 240120
29 254333 249954
30 262918 258552
31 271585 267184
32 280170 274791
33 288735 284185
34 297335 292567
35 305966 301354
36 314508 310288
37 323057 318396
38 331608 326531
39 340178 334262
40 348803 342243
41 357321 351001
42 365873 359650
43 374505 369007
44 383073 376989
45 391682 385003
46 400324 392983
47 408893 401973
48 417463 410392
49 426078 419129
50 434651 428952
51 443277 439791
52 451811 448060
53 460360 456846
54 468911 464886
55 477570 474751
56 486132 484946
57 494731 494123
58 503327 501733
59 511842 507017
60 520384 514252
61 528978 522349
62 537544 529738
63 546060 537637
64 554690 546204
65 563200 554038
66 571761 561038
67 580365 571837
68 588923 581907
69 597458 590725
70 605962 601512
71 614518 612172
72 623089 622825
73 631621 632301
74 640126 640205
75 648676 648238
76 657231 657786
77 665806 668311
78 674288 676990
79 682904 685466
80 691495 693029
81 700071 702317
82 708601 711604
83 717155 720149
84 725672 729005
85 734235 738436
86 742769 747629
87 751298 757300
88 759841 763498
89 768397 771849
90 776891 782750
91 785425 790553
92 793961 801024
93 802441 808234
94 810917 816946
95 819447 825124
96 827956 832663
97 836467 842624
98 844998 851849
99 853528 860300
100 862035 865013
