16877
23029
29941
37769
45824
54381
63062
72198
80092
89107
97642
105449
113762
122567
130813
138679
146522
154729
163813
173450
181862
190738
199498
208779
218201
226296
235513
246167
254891
263106
271169
279169
287468
297401
306636
314746
323317
332067
340672
350866
360970
369981
379266
388819
397578
404569
414134
423909
432278
440789
449749
459937
469546
477453
485710
495585
503598
511272
520332
529194
536904
546417
552800
562781
570580
577204
584474
594505
604647
611924
621429
629118
636288
646647
655269
666017
676017
686093
693786
700191
708559
716759
726471
733725
743494
751152
759811
767206
773370
782887
795313
804632
812000
821665
831548
838756
848973
857190
864657
872625
