16922
23007
30069
37406
45488
53684
62101
71056
79670
88095
96707
105827
114269
123123
131872
140082
148274
156937
165520
173682
182583
191788
200055
208665
217837
225965
235087
244858
252915
262091
270314
279670
287402
295697
304237
313765
321690
331256
338196
345959
355579
362507
370700
380349
389123
398076
406969
415311
422438
432094
440557
449609
459307
468238
477820
488467
497966
507233
513558
523672
533074
540798
552114
560784
571807
578710
588885
597564
605564
613287
621666
630029
641253
649815
660067
668808
676260
685497
692727
699303
707074
714803
719998
731363
740156
747952
757296
769590
779561
788756
796532
803631
812399
819586
827796
836676
842451
849373
858776
868553
